file_id,size_bytes,num_words,pct_dl,pct_vtx,pct_tex,pct_ptr,pct_unknown
0,98384,24596,43.2,2.2,0.1,0.5,54.0
1,34112,8528,43.0,6.4,0.0,0.5,50.1
2,25552,6388,41.4,3.9,1.1,0.4,53.3
3,25248,6312,35.0,6.3,0.0,0.5,58.2
4,47520,11880,32.7,4.4,0.0,0.3,62.6
5,19136,4784,34.3,8.2,0.0,0.4,57.1
6,24928,6232,43.6,8.4,0.0,0.6,47.4
7,24496,6124,52.9,8.3,0.0,0.4,38.4
8,39072,9768,22.2,5.7,0.6,0.8,70.7
9,21328,5332,23.1,27.1,0.0,0.4,49.5
10,3584,896,29.5,63.2,0.0,1.0,6.4
11,85056,21264,26.6,3.1,0.1,0.7,69.5
12,4320,1080,24.4,69.3,0.0,2.2,4.1
13,108192,27048,28.7,2.5,0.0,0.2,68.7
14,160720,40180,26.5,0.1,0.0,0.1,73.2
15,39152,9788,73.8,7.9,0.0,0.2,18.1
16,198864,49716,11.9,4.0,0.0,0.4,83.8
17,71184,17796,25.3,3.6,0.0,0.9,70.2
18,4256,1064,30.3,0.0,0.0,0.9,68.8
19,150048,37512,17.1,0.2,0.0,0.2,82.5
20,16320,4080,2.7,14.6,0.0,0.5,82.3
21,1168,292,6.2,0.0,0.0,1.0,92.8
22,1520,380,13.7,0.0,0.0,1.6,84.7
23,13040,3260,13.1,0.0,0.0,1.1,85.9
24,1504,376,50.0,0.0,0.0,2.7,47.3
25,208,52,23.1,0.0,0.0,5.8,71.2
26,132960,33240,0.5,2.3,0.0,0.1,97.1
27,132960,33240,91.4,2.2,0.0,0.1,6.3
28,132960,33240,31.1,2.3,0.0,0.1,66.5
29,82416,20604,24.0,7.8,0.0,1.2,67.1
30,56960,14240,25.1,5.3,0.0,0.5,69.1
31,21776,5444,33.9,0.0,0.0,2.0,64.1
32,3280,820,42.0,0.0,0.0,0.7,57.3
33,4128,1032,28.3,0.0,0.0,5.6,66.1
34,58096,14524,46.9,4.1,0.0,0.3,48.7
35,23264,5816,32.6,0.0,0.0,2.9,64.5
36,2336,584,20.9,0.0,0.0,4.5,74.7
37,32416,8104,26.7,8.7,0.0,0.7,63.9
38,3840,960,42.7,25.4,0.0,1.2,30.6
39,16352,4088,65.6,0.0,0.0,10.0,24.4
40,47600,11900,59.7,9.0,0.0,6.4,24.9
41,16864,4216,69.4,6.0,0.0,5.2,19.4
42,4320,1080,68.7,0.0,0.0,4.4,26.9
43,8208,2052,70.5,0.0,0.0,4.6,24.9
44,9504,2376,67.5,0.0,0.0,3.2,29.3
45,30768,7692,66.2,0.0,0.0,10.5,23.3
46,16304,4076,67.0,0.0,0.0,5.0,28.0
47,4176,1044,69.9,0.0,0.0,4.5,25.6
48,24544,6136,58.7,7.8,0.0,6.7,26.8
49,4208,1052,69.6,0.0,0.0,4.5,26.0
50,32368,8092,71.0,0.0,0.0,4.7,24.4
51,17040,4260,69.5,3.7,0.0,5.0,21.9
52,149280,37320,38.8,4.0,0.0,1.3,55.9
53,176928,44232,44.7,1.4,0.0,0.1,53.8
54,157376,39344,48.6,1.7,0.3,0.1,49.3
55,22768,5692,3.0,0.0,0.0,0.4,96.7
56,1008,252,8.7,0.0,0.0,0.0,91.3
57,80,20,0.0,0.0,0.0,0.0,100.0
58,112,28,7.1,0.0,0.0,0.0,92.9
59,224,56,10.7,0.0,0.0,0.0,89.3
60,240,60,30.0,0.0,0.0,0.0,70.0
61,167600,41900,60.0,0.3,0.0,0.1,39.5
62,245008,61252,60.6,0.0,0.0,0.1,39.3
63,4592,1148,56.8,0.0,0.0,1.7,41.5
64,400,100,26.0,0.0,0.0,0.0,74.0
65,384,96,2.1,0.0,0.0,0.0,97.9
66,19168,4792,21.4,0.0,0.0,6.9,71.7
67,51616,12904,45.2,3.8,0.0,2.6,48.4
68,35440,8860,35.7,0.0,0.0,0.6,63.7
69,36656,9164,25.7,1.3,0.0,1.1,71.9
70,46416,11604,0.4,0.0,0.0,0.2,99.4
71,257696,64424,16.6,0.0,0.0,0.2,83.2
72,5248,1312,38.3,0.0,0.0,1.2,60.5
73,249056,62264,25.3,6.0,0.1,1.1,67.5
74,158928,39732,0.5,1.9,0.0,0.1,97.4
75,15024,3756,23.6,0.0,0.0,4.4,72.0
76,1264,316,9.5,0.0,0.0,0.0,90.5
77,31488,7872,34.0,7.4,0.0,0.5,58.1
78,2960,740,44.1,0.0,0.0,0.3,55.7
79,140608,35152,4.4,0.5,0.0,0.1,94.9
80,83920,20980,49.5,4.2,0.0,0.9,45.4
81,1104,276,28.3,0.0,0.0,0.7,71.0
82,152288,38072,24.0,6.3,0.0,0.2,69.5
83,52736,13184,23.1,4.4,0.0,0.7,71.7
84,28352,7088,46.2,0.0,0.0,2.3,51.5
85,13616,3404,58.4,5.2,0.0,4.2,32.2
86,79584,19896,32.0,2.5,0.0,2.0,63.5
87,160,40,15.0,80.0,0.0,5.0,0.0
88,158928,39732,31.3,1.8,0.0,0.1,66.9
89,158928,39732,5.6,3.3,0.0,0.1,91.0
90,158928,39732,23.5,1.9,0.0,0.1,74.4
91,158928,39732,1.6,1.9,0.0,0.1,96.4
92,158928,39732,21.9,0.6,0.0,0.1,77.4
93,158928,39732,92.6,0.0,0.0,0.1,7.2
94,158928,39732,18.1,1.0,0.0,0.1,80.8
95,158928,39732,30.1,1.0,0.0,0.1,68.8
96,158928,39732,0.4,1.9,0.0,0.1,97.5
97,158928,39732,9.8,1.9,0.0,0.1,88.2
98,158928,39732,0.7,1.9,0.0,0.1,97.3
99,158928,39732,4.5,1.9,0.0,0.1,93.5
100,10176,2544,27.5,5.0,0.0,0.0,67.5
101,6560,1640,62.4,0.0,0.0,5.0,32.6
102,10496,2624,60.8,3.5,0.0,4.0,31.7
103,12224,3056,40.4,0.0,0.0,0.0,59.6
104,17392,4348,49.4,3.1,0.0,3.9,43.5
105,57184,14296,21.2,2.3,0.0,2.3,74.2
106,17696,4424,49.4,14.9,0.0,3.0,32.7
107,27792,6948,33.7,14.3,0.0,2.5,49.5
108,62944,15736,36.9,6.8,0.0,1.4,54.9
109,47120,11780,43.7,6.9,0.0,1.9,47.4
110,21040,5260,53.0,0.0,0.0,0.0,47.0
111,47408,11852,33.7,2.3,0.1,2.0,61.9
112,66160,16540,34.0,11.5,0.0,1.8,52.8
113,26768,6692,52.7,17.0,0.0,2.7,27.6
114,76128,19032,33.2,5.6,0.0,3.5,57.7
115,3680,920,67.0,16.6,0.0,4.1,12.3
116,17328,4332,34.0,1.4,0.0,1.0,63.6
117,16320,4080,47.6,6.9,0.0,3.7,41.8
118,17744,4436,67.8,6.7,0.0,3.0,22.6
119,158928,39732,0.4,1.9,0.0,0.1,97.5
120,2672,668,29.0,0.0,0.0,0.0,71.0
121,2032,508,12.2,0.0,0.0,0.0,87.8
122,976,244,9.0,0.0,0.0,0.0,91.0
123,3024,756,16.9,0.0,0.0,0.0,83.1
124,9152,2288,48.3,0.0,0.3,3.6,47.9
125,10080,2520,44.0,0.0,0.4,3.3,52.3
126,9392,2348,49.0,0.0,0.3,3.0,47.7
127,7584,1896,48.9,0.0,0.4,3.5,47.2
128,8832,2208,50.0,0.0,0.0,3.0,47.0
129,10720,2680,50.5,0.0,3.8,3.4,42.3
130,13536,3384,44.6,0.0,0.2,3.0,52.3
131,7648,1912,47.9,0.0,0.6,3.5,48.1
132,10112,2528,49.5,0.0,0.0,3.5,47.0
133,11488,2872,49.3,0.0,0.3,2.6,47.8
134,9808,2452,47.2,0.0,0.3,3.1,49.4
135,12496,3124,48.6,4.6,0.4,2.7,43.7
136,25392,6348,51.2,3.7,0.0,2.4,42.6
137,15648,3912,45.2,3.8,0.0,2.6,48.4
138,68624,17156,18.4,5.2,0.0,1.3,75.0
139,13760,3440,44.5,0.0,0.3,2.5,52.7
140,10736,2684,47.5,0.0,1.6,4.6,46.4
141,16032,4008,44.6,7.1,0.0,3.8,44.5
142,18768,4692,46.0,10.5,0.3,3.1,40.1
143,14352,3588,42.5,2.6,2.7,4.1,48.1
144,20368,5092,47.8,3.6,4.8,2.9,40.9
145,15568,3892,52.3,0.0,5.2,3.4,39.1
146,18672,4668,46.0,3.9,0.0,3.1,47.0
147,21728,5432,46.3,0.0,0.1,5.9,47.7
148,16576,4144,47.6,0.0,6.0,4.1,42.3
149,26768,6692,40.7,10.3,0.0,2.4,46.7
150,4480,1120,24.6,0.0,0.0,0.4,75.0
151,544,136,25.0,0.0,0.0,4.4,70.6
152,14080,3520,37.2,12.2,0.0,4.2,46.4
153,7680,1920,9.5,44.6,0.0,5.0,40.9
154,1712,428,50.5,0.0,0.0,3.7,45.8
155,5136,1284,40.8,11.4,0.0,3.4,44.4
156,64,16,62.5,0.0,0.0,12.5,25.0
157,3536,884,39.4,0.0,0.0,1.8,58.8
158,3296,824,35.2,63.6,0.0,1.2,0.0
159,10976,2744,34.1,22.2,0.0,1.6,42.1
160,2704,676,70.7,3.4,0.0,6.1,19.8
161,12160,3040,49.5,0.0,0.0,2.9,47.6
162,2320,580,40.3,0.0,0.0,3.3,56.4
163,912,228,26.3,0.0,0.0,1.8,71.9
164,5664,1416,27.4,41.3,0.0,1.7,29.6
165,4736,1184,35.6,52.2,0.0,2.5,9.6
166,976,244,37.7,0.0,0.0,5.3,57.0
167,168096,42024,62.5,0.0,0.0,0.4,37.1
168,125760,31440,71.4,0.0,0.0,0.2,28.4
169,33968,8492,79.7,0.1,0.0,0.2,20.0
170,132960,33240,43.8,1.0,0.0,0.1,55.0
171,132960,33240,29.0,1.9,0.0,0.1,69.0
172,132960,33240,33.7,1.2,0.0,0.1,64.9
173,132960,33240,61.1,0.1,0.0,0.1,38.6
174,132960,33240,41.8,1.5,0.0,0.1,56.6
175,132960,33240,57.8,0.0,0.0,0.1,42.1
176,132960,33240,16.6,1.9,0.0,0.1,81.4
177,132960,33240,18.3,2.3,0.0,0.1,79.2
178,132960,33240,26.9,1.8,0.0,0.1,71.2
179,132960,33240,45.5,0.8,0.0,0.1,53.6
180,132960,33240,45.8,1.7,0.0,0.1,52.4
181,132960,33240,25.7,1.4,0.0,0.1,72.9
182,132960,33240,14.4,4.3,0.0,0.1,81.3
183,132960,33240,30.5,2.1,0.0,0.1,67.3
184,132960,33240,27.4,1.9,0.0,0.1,70.6
185,132960,33240,14.6,2.3,0.0,0.1,83.0
186,132960,33240,25.8,7.7,0.0,0.1,66.4
187,132960,33240,30.0,2.3,0.0,0.1,67.7
188,132960,33240,39.0,1.1,0.0,0.1,59.7
189,132960,33240,65.2,0.8,0.0,0.1,33.9
190,132960,33240,10.3,2.0,0.0,0.1,87.6
191,132960,33240,10.9,2.4,0.0,0.1,86.6
192,132960,33240,55.4,1.5,0.0,0.1,43.0
193,132960,33240,37.4,1.5,0.0,0.1,61.1
194,29712,7428,5.4,0.0,0.0,0.1,94.5
195,31056,7764,27.1,4.5,0.0,2.1,66.3
196,7584,1896,47.5,0.0,0.0,0.9,51.6
197,6416,1604,22.9,0.0,0.0,2.0,75.1
198,122976,30744,31.3,2.7,0.0,0.5,65.5
199,64,16,25.0,0.0,0.0,0.0,75.0
200,80,20,30.0,0.0,0.0,0.0,70.0
201,2096,524,11.5,0.0,0.0,10.3,78.2
202,6560,1640,12.4,37.7,0.0,3.5,46.3
203,1904,476,13.9,0.0,0.0,12.8,73.3
204,64,16,25.0,0.0,0.0,12.5,62.5
205,320,80,15.0,0.0,0.0,3.8,81.2
206,1520,380,16.3,0.0,0.0,7.1,76.6
207,1504,376,16.5,0.0,0.0,5.6,77.9
208,6816,1704,17.4,39.8,0.0,3.6,39.2
209,1984,496,21.8,0.0,0.0,13.1,65.1
210,64,16,25.0,18.8,0.0,6.2,50.0
211,1520,380,27.4,0.0,0.0,5.5,67.1
212,7376,1844,20.4,37.4,0.0,3.1,39.2
213,2032,508,12.6,0.0,0.0,18.5,68.9
214,1504,376,16.0,0.0,0.0,5.3,78.7
215,1808,452,14.2,0.0,0.0,17.0,68.8
216,7872,1968,17.0,33.7,0.0,3.8,45.5
217,2400,600,25.7,0.0,0.0,18.0,56.3
218,64,16,12.5,0.0,0.0,6.2,81.2
219,1808,452,25.7,0.0,0.0,6.0,68.4
220,6704,1676,11.8,37.2,0.0,3.4,47.6
221,2256,564,11.7,0.0,0.0,13.5,74.8
222,64,16,25.0,0.0,0.0,12.5,62.5
223,1504,376,16.5,0.0,0.0,5.6,77.9
224,7920,1980,13.6,33.6,0.0,2.8,49.9
225,2640,660,20.0,0.0,0.0,17.3,62.7
226,64,16,25.0,0.0,0.0,12.5,62.5
227,1568,392,30.1,0.0,0.0,5.4,64.5
228,9648,2412,12.8,30.6,0.0,3.2,53.4
229,2896,724,17.4,0.0,0.0,22.4,60.2
230,48,12,0.0,0.0,0.0,75.0,25.0
231,1552,388,30.9,0.0,0.0,5.4,63.7
232,6016,1504,12.8,41.2,0.0,4.0,42.1
233,1984,496,24.6,0.0,0.0,10.9,64.5
234,1520,380,32.1,0.0,0.0,5.5,62.4
235,7600,1900,17.9,34.8,0.0,3.2,44.1
236,2000,500,24.0,0.0,0.0,18.0,58.0
237,1520,380,30.5,0.0,0.0,5.5,63.9
238,6064,1516,13.6,40.4,0.0,4.3,41.7
239,2320,580,22.4,0.0,0.0,15.0,62.6
240,128,32,12.5,0.0,0.0,15.6,71.9
241,1600,400,29.5,0.0,0.0,6.8,63.7
242,5984,1496,14.0,47.3,0.0,4.4,34.3
243,1904,476,26.5,0.0,0.0,12.4,61.1
244,112,28,21.4,0.0,0.0,21.4,57.1
245,1520,380,31.6,0.0,0.0,5.8,62.6
246,6080,1520,14.6,40.7,0.0,3.9,40.9
247,2000,500,25.2,0.0,0.0,13.8,61.0
248,1536,384,30.7,0.0,0.0,5.5,63.8
249,2480,620,24.8,73.9,0.0,1.3,0.0
250,1072,268,6.0,0.0,0.0,4.9,89.2
251,3392,848,9.2,5.9,0.0,8.0,76.9
252,6096,1524,1.8,55.1,0.0,1.4,41.6
253,80,20,20.0,0.0,0.0,5.0,75.0
254,672,168,0.0,0.0,0.0,70.2,29.8
255,192,48,25.0,0.0,0.0,20.8,54.2
256,192,48,20.8,0.0,0.0,14.6,64.6
257,224,56,17.9,0.0,0.0,14.3,67.9
258,192,48,16.7,0.0,0.0,20.8,62.5
259,192,48,25.0,0.0,0.0,20.8,54.2
260,368,92,17.4,0.0,0.0,16.3,66.3
261,224,56,14.3,0.0,0.0,16.1,69.6
262,304,76,18.4,0.0,0.0,13.2,68.4
263,192,48,25.0,0.0,0.0,22.9,52.1
264,832,208,16.3,72.1,0.0,11.5,0.0
265,224,56,14.3,0.0,0.0,10.7,75.0
266,176,44,13.6,0.0,0.0,13.6,72.7
267,176,44,22.7,0.0,0.0,13.6,63.6
268,192,48,20.8,0.0,0.0,8.3,70.8
269,192,48,16.7,0.0,0.0,31.2,52.1
270,192,48,20.8,0.0,0.0,16.7,62.5
271,176,44,18.2,0.0,0.0,11.4,70.5
272,176,44,18.2,0.0,0.0,11.4,70.5
273,176,44,18.2,0.0,0.0,11.4,70.5
274,176,44,13.6,0.0,0.0,11.4,75.0
275,176,44,22.7,0.0,0.0,11.4,65.9
276,176,44,18.2,0.0,0.0,11.4,70.5
277,176,44,18.2,0.0,0.0,11.4,70.5
278,176,44,18.2,0.0,0.0,11.4,70.5
279,176,44,22.7,0.0,0.0,11.4,65.9
280,176,44,22.7,0.0,0.0,11.4,65.9
281,176,44,22.7,0.0,0.0,11.4,65.9
282,176,44,22.7,0.0,0.0,11.4,65.9
283,176,44,18.2,0.0,0.0,11.4,70.5
284,176,44,13.6,0.0,0.0,18.2,68.2
285,176,44,13.6,0.0,0.0,11.4,75.0
286,176,44,22.7,0.0,0.0,13.6,63.6
287,176,44,18.2,0.0,0.0,11.4,70.5
288,176,44,22.7,0.0,0.0,11.4,65.9
289,176,44,18.2,0.0,0.0,11.4,70.5
290,176,44,13.6,0.0,0.0,11.4,75.0
291,176,44,18.2,0.0,0.0,13.6,68.2
292,176,44,18.2,0.0,0.0,11.4,70.5
293,176,44,13.6,0.0,0.0,13.6,72.7
294,176,44,18.2,0.0,0.0,13.6,68.2
295,272,68,17.6,0.0,0.0,10.3,72.1
296,29968,7492,44.9,0.0,0.0,3.2,52.0
297,656,164,48.8,0.0,0.0,4.3,47.0
298,10752,2688,32.4,0.0,0.0,5.3,62.2
299,192,48,8.3,0.0,0.0,0.0,91.7
300,12096,3024,54.1,1.3,0.0,2.3,42.2
301,11952,2988,52.9,0.0,0.0,2.1,44.9
302,560,140,35.7,0.0,0.0,0.0,64.3
303,13008,3252,59.0,0.0,0.0,2.4,38.6
304,13312,3328,55.0,0.0,0.0,3.3,41.7
305,10032,2508,47.0,0.0,0.0,1.6,51.5
306,10336,2584,48.8,0.0,0.0,1.6,49.7
307,11344,2836,54.4,0.0,0.0,3.3,42.2
308,12752,3188,55.3,0.0,0.0,2.0,42.6
309,19408,4852,52.4,0.0,0.0,1.8,45.8
310,13872,3468,55.7,13.4,0.0,2.4,28.5
311,12832,3208,55.6,0.0,0.0,2.1,42.3
312,13792,3448,52.6,0.0,0.0,2.1,45.4
313,32336,8084,49.0,9.1,0.0,3.6,38.3
314,11184,2796,26.0,0.0,0.0,5.8,68.2
315,1312,328,45.1,0.0,0.0,1.2,53.7
316,144,36,61.1,0.0,0.0,2.8,36.1
317,54784,13696,46.5,0.0,0.0,6.2,47.3
318,9984,2496,35.7,0.0,0.0,5.5,58.9
319,832,208,37.5,0.0,0.0,2.4,60.1
320,58704,14676,41.5,1.3,0.0,4.8,52.4
321,848,212,46.2,0.0,0.0,1.4,52.4
322,10080,2520,29.0,0.0,0.0,5.4,65.7
323,32528,8132,42.7,0.0,0.0,3.3,54.0
324,73584,18396,55.0,5.0,0.0,2.9,37.1
325,1776,444,57.7,0.0,0.0,3.6,38.7
326,464,116,67.2,0.0,0.0,2.6,30.2
327,11840,2960,28.9,0.0,0.0,5.9,65.2
328,120864,30216,49.6,1.6,0.0,3.6,45.2
329,11968,2992,28.0,0.0,0.0,4.8,67.2
330,32224,8056,41.8,6.8,0.0,3.8,47.7
331,17936,4484,30.8,0.0,0.0,3.2,66.0
332,51344,12836,44.7,4.9,0.0,6.4,44.0
333,2160,540,31.9,66.1,0.0,2.0,0.0
334,10976,2744,31.6,0.0,0.0,4.7,63.7
335,50112,12528,48.0,0.2,0.0,2.9,48.9
336,2976,744,37.1,0.0,0.0,3.0,59.9
337,12496,3124,32.1,0.0,0.0,5.4,62.5
338,44256,11064,41.0,4.8,0.0,5.2,49.0
339,3696,924,21.9,0.0,0.0,1.3,76.8
340,7040,1760,12.8,0.0,0.0,9.5,77.6
341,39984,9996,43.7,6.0,0.0,4.3,46.0
342,9104,2276,35.9,2.7,0.0,4.6,56.8
343,14144,3536,27.1,0.0,0.0,5.0,67.9
344,11584,2896,50.1,0.0,0.0,4.5,45.4
345,768,192,34.4,0.0,0.0,2.6,63.0
346,3632,908,22.5,0.0,0.0,1.9,75.7
347,7008,1752,49.9,22.8,0.0,2.2,25.1
348,10512,2628,63.3,9.9,0.0,2.0,24.8
349,3232,808,51.5,0.0,0.0,2.8,45.7
350,26080,6520,35.1,9.4,0.0,1.2,54.3
351,12112,3028,35.7,14.3,0.0,1.3,48.7
352,2832,708,32.8,0.0,7.8,1.8,57.6
353,6672,1668,37.9,2.5,0.0,2.6,57.0
354,1984,496,25.8,0.0,0.0,2.0,72.2
355,2352,588,38.8,0.0,0.0,1.4,59.9
356,1856,464,42.2,0.0,0.0,2.6,55.2
357,4848,1212,34.5,0.0,0.0,1.4,64.1
358,7808,1952,47.3,14.4,0.0,0.9,37.4
359,4400,1100,41.5,6.2,0.0,1.6,50.7
360,2080,520,30.4,0.0,0.0,3.1,66.5
361,3552,888,32.4,0.0,0.0,2.0,65.5
362,1248,312,46.8,0.0,0.0,8.0,45.2
363,3184,796,36.4,0.0,0.0,2.3,61.3
364,10352,2588,39.0,0.0,0.0,0.6,60.4
365,7872,1968,49.0,20.9,0.0,0.9,29.2
366,2496,624,32.7,0.0,0.3,2.7,64.3
367,400,100,14.0,24.0,0.0,17.0,45.0
368,400,100,20.0,65.0,0.0,15.0,0.0
369,416,104,13.5,72.1,0.0,14.4,0.0
370,5968,1492,33.9,0.0,0.0,1.3,64.8
371,6096,1524,37.4,0.0,0.0,1.2,61.4
372,2528,632,25.3,0.0,0.0,2.8,71.8
373,2672,668,47.6,0.0,0.0,2.7,49.7
374,1424,356,38.8,55.9,0.0,5.3,0.0
375,3904,976,42.8,55.2,0.0,1.9,0.0
376,11456,2864,45.3,23.3,0.0,0.7,30.8
377,3776,944,36.0,45.2,0.0,2.0,16.7
378,496,124,14.5,0.0,0.0,14.5,71.0
379,464,116,19.0,0.0,0.0,16.4,64.7
380,448,112,19.6,0.0,0.0,17.0,63.4
381,5872,1468,45.5,0.0,0.0,1.3,53.2
382,7984,1996,45.2,0.0,0.0,1.0,53.9
383,6912,1728,42.7,0.0,0.0,1.1,56.2
384,6320,1580,52.2,0.0,0.0,1.1,46.7
385,1728,432,46.8,0.0,0.0,4.2,49.1
386,1280,320,33.8,0.0,0.0,5.9,60.3
387,3888,972,39.5,0.0,0.0,2.0,58.5
388,8640,2160,41.9,23.8,0.0,0.9,33.5
389,3088,772,29.8,39.2,0.0,2.6,28.4
390,400,100,14.0,0.0,0.0,17.0,69.0
391,448,112,19.6,0.0,0.0,17.0,63.4
392,544,136,13.2,0.0,0.0,14.0,72.8
393,5184,1296,45.8,0.0,0.0,1.2,52.9
394,3344,836,41.9,0.0,0.0,1.8,56.3
395,4624,1156,44.3,0.0,0.0,1.4,54.3
396,1904,476,43.7,0.0,0.0,3.2,53.2
397,2112,528,30.3,3.0,0.0,3.2,63.4
398,3504,876,36.5,28.8,0.0,1.9,32.8
399,7456,1864,43.2,10.8,0.0,0.9,45.1
400,2400,600,29.7,0.0,0.0,2.8,67.5
401,480,120,6.7,0.0,0.0,15.0,78.3
402,416,104,15.4,0.0,0.0,15.4,69.2
403,352,88,15.9,0.0,0.0,17.0,67.0
404,6720,1680,44.4,27.1,0.0,1.2,27.3
405,5696,1424,37.5,13.1,0.0,1.4,48.0
406,5200,1300,47.7,37.0,0.0,1.6,13.7
407,2768,692,52.3,0.0,0.0,2.9,44.8
408,1728,432,45.8,47.2,0.0,6.9,0.0
409,3744,936,40.6,0.0,0.0,2.2,57.2
410,9104,2276,47.1,0.0,0.0,0.9,52.0
411,4704,1176,61.1,0.0,0.0,1.7,37.2
412,2576,644,23.6,43.3,0.0,3.3,29.8
413,560,140,14.3,71.4,0.0,14.3,0.0
414,512,128,18.8,64.8,0.0,16.4,0.0
415,432,108,16.7,0.0,0.0,15.7,67.6
416,8848,2212,41.3,0.0,0.0,0.8,57.9
417,10880,2720,41.8,0.0,0.0,0.6,57.5
418,2704,676,37.3,11.4,0.0,2.4,49.0
419,8544,2136,48.5,0.0,0.0,0.7,50.7
420,1360,340,27.6,0.0,0.0,4.7,67.6
421,3776,944,40.0,0.0,0.0,1.7,58.3
422,9008,2252,44.8,0.0,0.0,0.7,54.4
423,1248,312,43.6,0.0,0.0,5.1,51.3
424,5360,1340,39.0,0.0,0.0,1.2,59.9
425,2112,528,36.0,51.5,0.0,3.0,9.5
426,384,96,16.7,0.0,0.0,15.6,67.7
427,512,128,6.2,0.0,0.0,12.5,81.2
428,2192,548,39.1,58.0,0.0,2.9,0.0
429,4816,1204,46.5,0.0,0.0,1.6,51.9
430,7088,1772,42.7,24.0,0.0,0.9,32.4
431,6704,1676,50.6,20.2,0.0,1.1,28.2
432,1760,440,42.7,0.0,0.0,3.6,53.6
433,3632,908,36.1,0.0,0.0,2.0,61.9
434,9648,2412,43.0,15.3,0.0,0.7,41.0
435,400,100,18.0,0.0,0.0,17.0,65.0
436,7216,1804,44.1,27.2,0.0,1.1,27.5
437,5200,1300,38.6,42.0,0.0,1.5,17.8
438,11792,2948,40.6,4.4,0.0,0.7,54.3
439,1968,492,42.3,0.0,0.0,4.1,53.7
440,3952,988,39.7,11.5,0.0,2.0,46.8
441,11392,2848,42.5,0.0,0.0,0.6,56.9
442,544,136,16.2,0.0,0.0,14.7,69.1
443,4000,1000,39.6,35.3,0.0,2.0,23.1
444,5600,1400,46.6,0.0,0.0,1.4,52.1
445,7936,1984,40.2,0.0,0.1,1.0,58.7
446,1232,308,33.1,0.0,0.0,6.2,60.7
447,2144,536,33.2,0.0,0.0,3.7,63.1
448,3888,972,34.4,0.0,0.0,2.1,63.6
449,8640,2160,41.7,12.9,0.0,0.9,44.5
450,1280,320,28.1,0.0,0.0,5.6,66.2
451,1264,316,33.5,0.0,0.0,7.3,59.2
452,2384,596,39.9,22.7,0.0,3.5,33.9
453,736,184,17.4,72.3,0.0,10.3,0.0
454,4688,1172,39.6,23.3,0.0,1.6,35.5
455,528,132,10.6,75.0,0.0,14.4,0.0
456,464,116,17.2,0.0,0.0,17.2,65.5
457,4656,1164,50.0,11.0,0.0,1.7,37.3
458,4512,1128,48.6,0.0,0.0,1.9,49.6
459,8528,2132,54.6,2.3,0.0,0.9,42.2
460,5632,1408,48.2,33.6,0.0,1.4,16.8
461,544,136,17.6,0.0,0.0,14.7,67.6
462,6912,1728,45.3,25.7,0.0,1.0,28.0
463,5440,1360,47.2,0.0,0.0,1.2,51.6
464,2800,700,42.9,36.9,0.0,2.4,17.9
465,3280,820,34.1,0.0,0.0,2.2,63.7
466,8128,2032,37.8,0.0,0.0,0.9,61.3
467,480,120,13.3,0.0,0.0,15.0,71.7
468,432,108,14.8,0.0,0.0,16.7,68.5
469,5216,1304,37.1,0.0,0.0,1.2,61.7
470,4496,1124,31.9,0.0,0.0,1.4,66.7
471,3872,968,31.0,0.0,0.0,1.7,67.4
472,1024,256,26.6,0.0,0.0,6.2,67.2
473,3424,856,41.4,0.0,0.0,1.9,56.8
474,7120,1780,39.4,0.0,0.0,0.9,59.7
475,384,96,20.8,0.0,0.0,16.7,62.5
476,4880,1220,41.0,0.0,0.0,1.7,57.3
477,2336,584,40.1,0.0,0.0,3.4,56.5
478,1408,352,32.4,0.0,0.0,5.7,61.9
479,1968,492,38.2,0.0,0.0,4.1,57.7
480,1728,432,33.8,61.6,0.0,4.6,0.0
481,3648,912,42.1,11.3,0.0,2.2,44.4
482,9568,2392,48.1,0.0,0.0,0.8,51.1
483,5488,1372,40.4,0.0,0.0,1.4,58.2
484,5008,1252,40.6,6.1,0.0,1.6,51.8
485,464,116,19.0,64.7,0.0,16.4,0.0
486,512,128,21.9,0.0,0.0,15.6,62.5
487,544,136,17.6,0.0,0.0,14.7,67.6
488,384,96,8.3,0.0,0.0,15.6,76.0
489,688,172,29.1,0.0,0.0,10.5,60.5
490,736,184,30.4,20.7,0.0,8.7,40.2
491,736,184,34.8,48.4,0.0,9.8,7.1
492,720,180,17.8,0.0,0.0,8.9,73.3
493,752,188,27.7,62.8,0.0,9.6,0.0
494,784,196,17.3,17.3,0.0,10.2,55.1
495,688,172,20.9,0.0,0.0,10.5,68.6
496,672,168,40.5,0.0,0.0,8.9,50.6
497,768,192,30.2,0.0,0.0,8.9,60.9
498,704,176,34.1,0.0,0.0,9.7,56.2
499,1392,348,39.1,0.0,0.0,5.2,55.7
500,2112,528,45.8,0.0,0.0,3.2,50.9
501,2432,608,45.1,0.0,0.0,2.8,52.1
502,2352,588,47.3,0.0,0.0,2.9,49.8
503,928,232,32.8,59.5,0.0,7.8,0.0
504,2480,620,40.6,47.4,0.0,2.9,9.0
505,2400,600,45.3,0.0,0.0,3.0,51.7
506,3040,760,44.2,30.0,0.0,2.4,23.4
507,1760,440,45.0,50.9,0.0,4.1,0.0
508,2800,700,39.7,57.6,0.0,2.7,0.0
509,1088,272,29.4,0.0,0.4,6.2,64.0
510,2032,508,39.0,0.0,0.0,3.1,57.9
511,2032,508,50.4,0.0,0.0,3.3,46.3
512,2192,548,33.9,0.0,0.0,3.1,63.0
513,848,212,34.9,0.0,0.0,7.1,58.0
514,704,176,36.4,0.0,0.0,8.5,55.1
515,1200,300,45.3,48.7,0.0,6.0,0.0
516,3264,816,40.9,0.0,0.0,2.2,56.9
517,1248,312,32.7,61.5,0.0,5.8,0.0
518,848,212,40.6,29.7,0.0,8.0,21.7
519,1440,360,35.0,60.3,0.0,4.7,0.0
520,6224,1556,37.3,0.0,0.0,1.2,61.6
521,992,248,32.3,0.0,0.0,7.3,60.5
522,2192,548,35.0,0.0,0.0,3.3,61.7
523,1696,424,46.7,49.3,0.0,4.0,0.0
524,2704,676,41.7,35.1,0.0,2.7,20.6
525,2528,632,47.2,32.6,0.0,2.8,17.4
526,2048,512,46.5,50.0,0.0,3.5,0.0
527,2960,740,46.2,51.4,0.0,2.4,0.0
528,3184,796,46.0,51.8,0.0,2.3,0.0
529,2176,544,39.7,46.7,0.0,3.3,10.3
530,2752,688,41.6,56.0,0.0,2.5,0.0
531,2432,608,41.8,0.0,0.0,3.0,55.3
532,1776,444,42.3,0.0,0.0,4.1,53.6
533,1920,480,36.7,0.8,0.0,3.8,58.8
534,2928,732,40.4,26.2,0.0,2.5,30.9
535,2704,676,44.7,43.2,0.0,2.7,9.5
536,2560,640,40.3,49.7,0.0,2.8,7.2
537,2752,688,44.5,52.9,0.0,2.6,0.0
538,3056,764,47.1,29.8,0.0,2.4,20.7
539,656,164,23.2,0.0,0.0,9.8,67.1
540,2144,536,45.1,0.0,0.0,3.4,51.5
541,736,184,27.2,0.0,0.0,8.2,64.7
542,1328,332,41.6,53.6,0.0,4.8,0.0
543,1840,460,41.3,0.0,0.0,3.3,55.4
544,2080,520,45.4,43.3,0.0,2.9,8.5
545,1664,416,42.3,53.4,0.0,4.3,0.0
546,1872,468,40.6,55.6,0.0,3.8,0.0
547,2848,712,36.8,37.8,0.0,2.7,22.8
548,4320,1080,41.1,10.5,0.0,1.8,46.7
549,2640,660,41.2,55.9,0.0,2.9,0.0
550,2640,660,40.0,38.0,0.0,2.9,19.1
551,2592,648,40.1,36.3,0.0,2.9,20.7
552,2224,556,40.3,44.4,0.0,3.4,11.9
553,4544,1136,44.9,0.0,0.0,1.6,53.5
554,3408,852,44.1,27.0,0.0,2.0,26.9
555,2384,596,41.9,0.0,0.0,3.0,55.0
556,2064,516,36.4,51.2,0.0,3.5,8.9
557,768,192,44.8,45.8,0.0,9.4,0.0
558,1712,428,38.3,57.5,0.0,4.2,0.0
559,4368,1092,45.8,0.0,0.0,1.7,52.5
560,3040,760,37.9,30.1,0.0,2.5,29.5
561,2176,544,43.4,30.9,0.0,3.3,22.4
562,896,224,27.7,60.3,0.0,8.5,3.6
563,2672,668,38.0,0.0,0.0,2.8,59.1
564,3424,856,38.1,8.1,0.0,2.2,51.6
565,816,204,30.4,60.8,0.0,8.8,0.0
566,2080,520,38.5,58.1,0.0,3.5,0.0
567,1120,280,40.7,0.0,0.0,6.4,52.9
568,1232,308,37.7,0.0,0.0,5.8,56.5
569,1360,340,38.8,0.0,0.0,5.3,55.9
570,1312,328,36.0,0.0,0.0,5.5,58.5
571,2224,556,36.3,49.8,0.0,3.1,10.8
572,1008,252,24.6,0.0,0.0,6.7,68.7
573,1488,372,33.9,0.0,0.0,4.6,61.6
574,1632,408,37.3,0.0,0.0,4.7,58.1
575,1232,308,35.7,0.0,0.0,6.2,58.1
576,1584,396,41.9,52.8,0.0,4.8,0.5
577,1776,444,34.2,0.0,0.0,4.3,61.5
578,1312,328,34.8,0.0,0.0,5.8,59.5
579,1552,388,41.2,53.9,0.0,4.9,0.0
580,1424,356,35.4,0.0,0.0,5.3,59.3
581,3648,912,41.2,23.8,0.0,2.1,32.9
582,1296,324,38.3,0.0,0.0,5.9,55.9
583,2528,632,42.4,50.5,0.0,3.0,4.1
584,992,248,34.7,40.3,0.0,7.7,17.3
585,1952,488,37.3,45.5,0.0,3.9,13.3
586,1312,328,34.1,0.0,0.0,5.8,60.1
587,3056,764,32.5,11.1,0.0,2.5,53.9
588,1328,332,42.2,52.4,0.0,5.4,0.0
589,2608,652,42.3,53.4,0.0,2.8,1.5
590,3072,768,40.9,56.8,0.0,2.3,0.0
591,2480,620,43.5,33.5,0.0,2.9,20.0
592,3472,868,39.9,24.3,0.0,2.2,33.6
593,2304,576,45.8,32.6,0.0,3.1,18.4
594,2816,704,38.1,0.4,0.0,2.6,58.9
595,2528,632,36.7,0.5,0.0,2.8,60.0
596,2256,564,36.5,50.7,0.0,3.2,9.6
597,3504,876,44.1,15.9,0.0,2.2,37.9
598,3072,768,37.0,35.7,0.0,2.5,24.9
599,3088,772,45.9,30.1,0.0,2.3,21.8
600,4208,1052,46.4,42.0,0.0,1.7,9.9
601,5712,1428,44.3,31.8,0.0,1.3,22.7
602,2832,708,43.5,53.8,0.0,2.7,0.0
603,1744,436,41.7,0.0,0.0,4.1,54.1
604,2048,512,40.6,0.0,0.0,3.5,55.9
605,3264,816,41.4,50.1,0.0,2.2,6.2
606,2080,520,41.9,6.5,0.0,3.5,48.1
607,2432,608,41.8,10.5,0.0,3.0,44.7
608,2992,748,42.8,32.6,0.5,2.4,21.7
609,2816,704,40.3,17.2,0.0,2.7,39.8
610,3552,888,47.5,14.9,0.0,2.0,35.6
611,3504,876,46.3,0.0,0.0,2.1,51.6
612,3568,892,46.0,0.0,0.0,2.0,52.0
613,2800,700,42.3,31.4,0.0,2.7,23.6
614,3840,960,46.2,0.0,0.0,2.0,51.8
615,3264,816,39.5,3.8,0.0,2.2,54.5
616,3248,812,39.4,3.8,0.0,2.2,54.6
617,3312,828,39.6,3.7,0.0,2.2,54.5
618,3232,808,36.9,3.8,0.0,2.2,57.1
619,3232,808,39.4,3.8,0.0,2.2,54.6
620,2512,628,44.9,37.7,0.0,2.7,14.6
621,3776,944,36.0,0.0,0.0,1.9,62.1
622,2368,592,38.2,0.0,0.0,3.0,58.8
623,3936,984,43.9,0.0,0.0,1.8,54.3
624,3904,976,43.6,0.0,0.0,1.7,54.6
625,3024,756,41.5,51.9,0.0,2.4,4.2
626,3472,868,39.6,38.8,0.0,2.2,19.4
627,1712,428,43.9,51.9,0.0,4.2,0.0
628,1936,484,42.1,54.1,0.0,3.7,0.0
629,3536,884,39.8,45.4,0.0,2.0,12.8
630,1216,304,35.5,58.6,0.0,5.9,0.0
631,1472,368,32.6,62.5,0.0,4.9,0.0
632,2288,572,43.0,0.0,0.0,3.0,54.0
633,4736,1184,30.4,0.0,0.0,1.5,68.1
634,4416,1104,30.6,0.0,0.0,1.6,67.8
635,2288,572,40.9,42.8,0.0,3.1,13.1
636,2672,668,36.5,0.0,0.0,2.7,60.8
637,3792,948,40.9,0.0,0.0,2.0,57.1
638,5248,1312,36.9,20.9,0.0,1.4,40.9
639,4368,1092,39.7,4.4,0.0,1.6,54.2
640,432,108,20.4,0.0,0.0,15.7,63.9
641,2416,604,35.8,0.0,0.0,3.0,61.3
642,2336,584,31.8,0.0,0.0,2.9,65.2
643,1552,388,36.1,0.0,0.0,4.4,59.5
644,2064,516,42.6,0.0,0.0,3.3,54.1
645,1808,452,42.9,0.0,0.0,4.0,53.1
646,784,196,33.7,56.1,0.0,10.2,0.0
647,2448,612,47.1,49.7,0.0,3.3,0.0
648,2304,576,46.5,50.2,0.0,3.3,0.0
649,1952,488,38.5,57.6,0.0,3.9,0.0
650,1440,360,42.8,51.7,0.0,5.6,0.0
651,2480,620,48.1,48.7,0.0,3.2,0.0
652,2192,548,40.1,0.0,0.0,3.5,56.4
653,2448,612,40.5,46.2,0.0,3.1,10.1
654,2352,588,38.8,0.0,0.0,3.2,58.0
655,2048,512,46.1,0.0,0.0,3.7,50.2
656,928,232,42.2,0.0,0.0,7.8,50.0
657,864,216,34.3,0.0,0.0,8.3,57.4
658,1344,336,48.8,45.2,0.0,6.0,0.0
659,880,220,31.8,0.0,0.0,9.1,59.1
660,1296,324,45.1,48.8,0.0,6.2,0.0
661,1296,324,40.1,53.7,0.0,6.2,0.0
662,2112,528,42.8,53.4,0.0,3.8,0.0
663,2128,532,42.9,0.0,0.0,3.8,53.4
664,1536,384,42.2,0.0,0.0,5.2,52.6
665,2080,520,37.7,0.0,0.0,3.5,58.8
666,2032,508,41.7,54.3,0.0,3.9,0.0
667,2880,720,45.6,51.7,0.0,2.8,0.0
668,3104,776,51.3,46.1,0.0,2.6,0.0
669,2048,512,41.8,54.3,0.0,3.9,0.0
670,2592,648,47.5,49.4,0.0,3.1,0.0
671,2688,672,45.2,51.8,0.0,3.0,0.0
672,1936,484,43.0,30.8,0.0,4.1,22.1
673,2832,708,48.3,48.9,0.0,2.8,0.0
674,2880,720,45.3,26.2,0.0,2.8,25.7
675,1808,452,38.1,0.0,0.0,4.4,57.5
676,2448,612,38.9,57.8,0.0,3.3,0.0
677,2416,604,43.7,53.0,0.0,3.3,0.0
678,2432,608,44.7,39.6,0.0,3.3,12.3
679,2544,636,41.2,55.7,0.0,3.1,0.0
680,3024,756,40.2,57.1,0.0,2.6,0.0
681,3632,908,42.3,55.5,0.0,2.2,0.0
682,864,216,34.3,56.5,0.0,9.3,0.0
683,1568,392,40.3,0.0,0.0,5.1,54.6
684,784,196,34.7,0.0,0.0,9.2,56.1
685,1360,340,40.6,0.0,0.0,5.6,53.8
686,2048,512,45.3,51.4,0.0,3.3,0.0
687,2240,560,50.7,35.9,0.0,3.0,10.4
688,2160,540,42.6,53.9,0.0,3.5,0.0
689,2224,556,43.2,53.2,0.0,3.6,0.0
690,3120,780,41.8,55.5,0.0,2.7,0.0
691,3296,824,36.7,60.8,0.0,2.5,0.0
692,2848,712,41.3,55.8,0.0,2.9,0.0
693,3008,752,44.9,52.3,0.0,2.8,0.0
694,2832,708,39.3,57.9,0.0,2.8,0.0
695,2912,728,43.1,54.0,0.0,2.9,0.0
696,3680,920,41.3,56.6,0.0,2.1,0.0
697,4176,1044,48.7,37.5,0.0,1.9,11.9
698,3088,772,44.3,12.6,0.0,2.3,40.8
699,1696,424,37.3,58.5,0.0,4.2,0.0
700,912,228,40.4,0.0,0.4,8.8,50.4
701,1776,444,41.4,54.1,0.0,4.5,0.0
702,4064,1016,43.9,54.0,0.0,2.1,0.0
703,3808,952,44.5,25.6,0.0,2.2,27.6
704,2064,516,46.5,49.4,0.0,4.1,0.0
705,768,192,34.4,54.7,0.0,10.9,0.0
706,3584,896,42.2,55.5,0.0,2.3,0.0
707,3680,920,39.1,58.5,0.0,2.4,0.0
708,944,236,29.7,0.0,0.0,8.9,61.4
709,2176,544,40.4,55.9,0.0,3.7,0.0
710,1248,312,35.9,0.0,0.0,6.4,57.7
711,1792,448,32.1,0.0,0.0,4.5,63.4
712,752,188,20.2,0.0,0.0,10.6,69.1
713,864,216,31.5,0.0,0.0,9.3,59.3
714,1296,324,32.7,0.0,0.3,6.2,60.8
715,1664,416,34.1,0.0,0.0,4.8,61.1
716,2576,644,43.8,53.1,0.0,3.1,0.0
717,1008,252,41.3,50.4,0.0,8.3,0.0
718,912,228,42.1,31.6,0.0,9.2,17.1
719,2400,600,46.7,49.8,0.0,3.5,0.0
720,944,236,40.7,0.0,0.0,8.9,50.4
721,2128,532,44.4,51.7,0.0,3.9,0.0
722,2384,596,40.9,8.1,0.0,3.5,47.5
723,2368,592,42.6,30.2,0.0,3.5,23.6
724,1200,300,37.3,55.7,0.0,7.0,0.0
725,976,244,43.4,48.0,0.0,8.6,0.0
726,4560,1140,47.7,39.6,0.0,1.8,10.9
727,2240,560,46.1,31.4,0.0,3.8,18.8
728,3296,824,42.2,55.2,0.0,2.5,0.0
729,880,220,43.6,0.0,0.0,9.5,46.8
730,3936,984,45.7,52.1,0.0,2.1,0.0
731,2448,612,44.8,33.2,0.0,3.4,18.6
732,3008,752,46.8,50.4,0.0,2.8,0.0
733,1504,376,41.0,53.7,0.0,5.3,0.0
734,3104,776,39.2,19.6,0.0,2.6,38.7
735,2416,604,45.7,51.0,0.0,3.3,0.0
736,1744,436,41.7,53.9,0.0,4.4,0.0
737,2576,644,40.4,56.4,0.0,3.3,0.0
738,1824,456,42.5,53.1,0.0,4.4,0.0
739,2368,592,43.9,52.7,0.0,3.4,0.0
740,2640,660,45.2,51.8,0.0,3.0,0.0
741,2400,600,36.3,19.3,0.0,3.3,41.0
742,2752,688,39.5,57.4,0.0,3.1,0.0
743,2448,612,37.3,27.1,0.0,3.4,32.2
744,2656,664,42.5,50.3,0.0,3.0,4.2
745,2928,732,45.4,51.9,0.0,2.7,0.0
746,3888,972,42.6,55.3,0.0,2.1,0.0
747,2464,616,39.9,56.8,0.0,3.2,0.0
748,1360,340,39.4,0.0,0.0,5.9,54.7
749,1472,368,38.0,0.0,0.0,5.4,56.5
750,2912,728,46.2,51.1,0.0,2.7,0.0
751,2320,580,43.8,52.8,0.0,3.4,0.0
752,2208,552,38.4,58.0,0.0,3.6,0.0
753,912,228,49.1,43.0,0.0,7.9,0.0
754,4896,1224,46.1,0.0,0.0,1.5,52.5
755,944,236,44.9,47.5,0.0,7.6,0.0
756,3648,912,41.9,55.8,0.0,2.3,0.0
757,3504,876,45.4,52.3,0.0,2.3,0.0
758,3456,864,49.1,48.6,0.0,2.3,0.0
759,3472,868,46.3,23.7,0.0,2.3,27.6
760,3504,876,49.1,48.6,0.0,2.3,0.0
761,3472,868,51.6,19.8,0.0,2.3,26.3
762,2912,728,46.2,24.7,0.0,2.7,26.4
763,3152,788,41.4,24.6,0.0,2.5,31.5
764,4272,1068,44.8,53.3,0.0,2.0,0.0
765,3632,908,42.3,46.8,0.0,2.0,8.9
766,3952,988,48.8,49.2,0.0,2.0,0.0
767,2976,744,44.4,7.7,0.0,2.6,45.4
768,3136,784,42.6,9.8,0.0,2.4,45.2
769,3568,892,47.8,12.7,0.0,2.1,37.4
770,3280,820,41.5,56.3,0.0,2.2,0.0
771,2352,588,50.0,8.0,0.0,3.2,38.8
772,2384,596,41.3,18.1,0.0,3.0,37.6
773,1920,480,41.7,0.0,0.0,4.0,54.4
774,2368,592,38.5,0.0,0.0,3.4,58.1
775,2000,500,42.4,12.0,0.0,4.0,41.6
776,1696,424,42.0,37.3,0.0,4.2,16.5
777,4320,1080,40.2,0.0,0.0,1.4,58.4
778,4320,1080,43.3,0.0,0.0,1.4,55.3
779,3488,872,46.8,50.9,0.0,2.3,0.0
780,3024,756,43.7,53.7,0.0,2.6,0.0
781,1168,292,39.0,54.1,0.0,6.8,0.0
782,976,244,33.6,0.0,0.0,8.2,58.2
783,960,240,33.3,0.0,0.0,8.3,58.3
784,2736,684,45.0,52.0,0.0,2.9,0.0
785,1344,336,41.7,52.1,0.0,6.2,0.0
786,912,228,39.5,0.0,0.0,9.2,51.3
787,896,224,31.2,0.0,0.0,9.4,59.4
788,1168,292,34.2,58.6,0.0,7.2,0.0
789,2720,680,44.1,52.8,0.0,3.1,0.0
790,832,208,40.4,50.0,0.0,9.6,0.0
791,688,172,24.4,0.0,0.0,11.6,64.0
792,1088,272,41.2,51.5,0.0,7.4,0.0
793,1232,308,33.1,60.4,0.0,6.5,0.0
794,896,224,42.9,48.7,0.0,8.5,0.0
795,592,148,25.7,0.0,0.0,12.8,61.5
796,992,248,30.6,61.7,0.0,7.7,0.0
797,1072,268,32.1,0.0,0.0,7.1,60.8
798,496,124,14.5,0.0,0.0,14.5,71.0
799,3264,816,36.8,24.3,0.0,2.5,36.5
800,10752,2688,39.7,0.0,0.0,0.7,59.6
801,1936,484,39.7,0.0,0.0,3.9,56.4
802,1680,420,43.8,0.0,0.0,4.5,51.7
803,1920,480,40.8,0.0,0.0,4.0,55.2
804,800,200,39.0,0.0,0.0,8.5,52.5
805,2816,704,49.1,0.0,0.0,2.6,48.3
806,2304,576,42.0,0.0,0.0,3.1,54.9
807,2112,528,47.3,0.0,0.0,3.4,49.2
808,1232,308,46.1,0.0,0.0,6.2,47.7
809,2896,724,50.3,0.0,0.0,2.8,47.0
810,1584,396,48.5,0.0,0.0,4.8,46.7
811,2016,504,40.9,0.0,0.0,3.8,55.4
812,2032,508,48.4,0.0,0.0,3.7,47.8
813,1568,392,35.2,0.0,0.0,4.8,59.9
814,720,180,31.1,0.0,0.0,10.6,58.3
815,720,180,24.4,0.0,0.0,10.6,65.0
816,768,192,52.1,0.0,0.0,9.4,38.5
817,3200,800,42.8,0.0,0.0,2.2,55.0
818,864,216,44.4,0.0,0.0,8.3,47.2
819,1120,280,42.9,0.0,0.0,6.8,50.4
820,1680,420,45.2,0.0,0.0,4.5,50.2
821,2768,692,45.4,0.0,0.0,2.7,51.9
822,944,236,50.8,0.0,0.0,8.1,41.1
823,3488,872,39.7,0.0,0.0,2.1,58.3
824,1856,464,55.6,0.0,0.0,3.7,40.7
825,2112,528,49.6,0.0,0.0,3.6,46.8
826,2448,612,46.7,0.0,0.0,2.9,50.3
827,1664,416,46.6,0.0,0.0,4.6,48.8
828,2128,532,47.0,0.0,0.0,3.6,49.4
829,2384,596,48.7,0.0,0.0,3.2,48.2
830,1392,348,47.7,0.0,0.0,5.2,47.1
831,2368,592,43.6,0.0,0.0,3.0,53.4
832,2272,568,48.9,0.0,0.0,3.2,47.9
833,1648,412,45.1,0.0,0.0,4.6,50.2
834,1520,380,43.7,0.0,0.0,5.0,51.3
835,1744,436,45.9,0.0,0.0,4.4,49.8
836,1760,440,44.1,6.1,0.0,3.9,45.9
837,2112,528,45.5,0.0,0.0,3.4,51.1
838,1936,484,43.4,0.0,0.0,3.5,53.1
839,2000,500,41.2,0.0,0.0,3.4,55.4
840,672,168,23.8,0.0,0.0,10.1,66.1
841,1264,316,41.8,0.0,0.0,5.1,53.2
842,720,180,26.7,0.0,0.0,10.6,62.8
843,1424,356,42.1,0.0,0.0,5.3,52.5
844,1824,456,49.1,33.3,0.0,3.5,14.0
845,2048,512,48.4,0.0,0.0,3.1,48.4
846,2032,508,40.6,0.0,0.0,3.5,55.9
847,2208,552,45.7,50.9,0.0,3.4,0.0
848,2976,744,45.4,0.0,0.0,2.6,52.0
849,3392,848,46.0,0.0,0.0,2.4,51.7
850,2880,720,46.1,10.3,0.0,2.8,40.8
851,2400,600,50.3,46.3,0.0,3.3,0.0
852,2592,648,46.6,0.0,0.0,3.1,50.3
853,2720,680,51.5,0.0,0.0,2.9,45.6
854,4016,1004,45.0,0.0,0.0,1.9,53.1
855,4448,1112,49.8,43.7,0.0,1.8,4.7
856,2144,536,47.4,0.0,0.0,3.5,49.1
857,1360,340,44.1,0.0,0.0,5.6,50.3
858,800,200,38.0,52.5,0.0,9.5,0.0
859,1200,300,51.3,0.0,0.0,6.3,42.3
860,3360,840,45.2,0.0,0.0,2.4,52.4
861,3776,944,48.7,0.0,0.0,2.1,49.2
862,1744,436,44.5,0.0,0.0,4.6,50.9
863,848,212,40.6,50.0,0.0,9.4,0.0
864,1968,492,45.9,50.0,0.0,4.1,0.0
865,2656,664,47.0,0.0,0.0,3.0,50.0
866,800,200,40.0,0.0,0.0,9.5,50.5
867,1840,460,46.1,49.8,0.0,4.1,0.0
868,768,192,31.2,0.0,0.5,9.4,58.9
869,960,240,39.2,52.9,0.0,7.9,0.0
870,1472,368,44.6,0.0,0.0,5.2,50.3
871,848,212,34.0,0.0,0.0,9.0,57.1
872,912,228,41.2,0.0,0.0,8.3,50.4
873,2896,724,45.3,0.0,0.0,2.6,52.1
874,720,180,44.4,0.0,0.0,10.6,45.0
875,1296,324,34.6,0.0,0.0,5.9,59.6
876,2704,676,46.4,50.7,0.0,2.8,0.0
877,1488,372,39.8,0.0,0.0,5.1,55.1
878,912,228,41.2,0.0,0.0,8.8,50.0
879,816,204,38.2,0.0,0.0,9.3,52.5
880,848,212,37.7,0.0,0.0,9.0,53.3
881,1712,428,41.6,0.0,0.0,4.7,53.7
882,704,176,31.8,0.0,0.0,11.4,56.8
883,3456,864,42.8,54.9,0.0,2.3,0.0
884,2944,736,49.2,0.0,0.0,2.7,48.1
885,1024,256,41.4,0.0,0.0,7.8,50.8
886,848,212,34.9,0.0,0.0,9.4,55.7
887,3024,756,46.0,0.0,0.0,2.6,51.3
888,1216,304,38.2,0.0,0.0,6.6,55.3
889,2464,616,45.1,0.0,0.0,3.2,51.6
890,1008,252,52.4,0.0,0.0,7.5,40.1
891,2080,520,53.1,0.0,0.0,3.7,43.3
892,2000,500,46.8,0.0,0.0,3.8,49.4
893,1808,452,46.0,0.0,0.0,4.2,49.8
894,3200,800,47.0,0.0,0.0,2.4,50.6
895,1360,340,48.2,0.0,0.0,5.6,46.2
896,2048,512,50.4,41.6,0.0,3.7,4.3
897,2384,596,46.0,50.0,0.0,3.4,0.7
898,1648,412,46.1,0.0,0.0,4.6,49.3
899,2288,572,53.5,0.0,0.0,3.5,43.0
900,1664,416,49.0,0.0,0.0,4.6,46.4
901,2320,580,49.3,0.0,0.0,3.3,47.4
902,3456,864,48.6,0.0,0.0,2.1,49.3
903,3472,868,45.2,0.0,0.0,2.2,52.6
904,2192,548,52.9,0.0,0.0,3.5,43.6
905,2000,500,50.4,0.0,0.0,3.8,45.8
906,2176,544,47.8,0.0,0.0,3.5,48.7
907,2032,508,49.6,0.0,0.0,3.5,46.9
908,2496,624,47.8,0.0,0.0,2.9,49.4
909,3360,840,43.1,29.2,0.0,2.3,25.5
910,2912,728,44.5,0.0,0.0,2.6,52.9
911,2912,728,45.3,0.0,0.0,2.6,52.1
912,2880,720,45.3,0.0,0.0,2.6,52.1
913,2576,644,41.9,0.0,0.0,3.0,55.1
914,2400,600,49.7,47.2,0.0,3.2,0.0
915,3472,868,48.2,0.0,0.0,2.2,49.7
916,3472,868,48.4,0.0,0.0,2.2,49.4
917,3488,872,47.7,0.0,0.0,2.2,50.1
918,3472,868,47.5,0.0,0.0,2.2,50.3
919,3472,868,49.5,0.0,0.0,2.2,48.3
920,3248,812,48.3,0.0,0.0,2.3,49.4
921,4992,1248,52.6,0.0,0.0,1.6,45.8
922,1872,468,38.0,0.0,0.0,4.3,57.7
923,2368,592,40.9,0.0,0.0,3.4,55.7
924,2624,656,44.2,0.0,0.0,2.9,52.9
925,2784,696,42.5,0.0,0.0,2.7,54.7
926,2544,636,42.1,0.0,0.0,3.0,54.9
927,1632,408,48.0,0.0,0.0,4.7,47.3
928,1344,336,47.6,0.0,0.0,5.7,46.7
929,2000,500,42.8,0.0,0.0,3.8,53.4
930,2336,584,46.2,0.0,0.0,3.3,50.5
931,3200,800,42.5,0.0,0.0,2.4,55.1
932,3392,848,38.2,0.0,0.0,1.7,60.1
933,3408,852,35.7,0.0,0.0,1.6,62.7
934,992,248,46.8,35.9,0.0,7.7,9.7
935,1200,300,48.7,0.0,0.0,6.3,45.0
936,4688,1172,46.2,0.0,0.0,1.6,52.1
937,928,232,42.2,49.6,0.0,8.2,0.0
938,1216,304,52.0,41.8,0.0,6.2,0.0
939,3632,908,49.6,0.0,0.0,2.1,48.3
940,3920,980,46.1,0.0,0.0,1.9,51.9
941,3904,976,47.7,1.7,0.0,1.9,48.6
942,784,196,49.0,0.0,0.0,9.7,41.3
943,2384,596,48.7,0.0,0.0,3.2,48.2
944,800,200,47.0,0.0,0.0,9.5,43.5
945,2272,568,43.0,0.0,0.0,3.5,53.5
946,11568,2892,39.7,0.0,0.0,0.7,59.6
947,2080,520,38.1,0.0,0.0,3.7,58.3
948,1936,484,45.9,0.0,0.0,4.1,50.0
949,1872,468,42.3,0.0,0.0,4.3,53.4
950,1200,300,43.3,0.0,0.0,6.7,50.0
951,432,108,27.8,0.0,0.0,13.9,58.3
952,2304,576,47.2,0.0,0.0,3.3,49.5
953,1088,272,20.6,0.0,0.0,5.9,73.5
954,1072,268,38.1,0.0,0.0,6.0,56.0
955,1344,336,29.2,0.0,0.0,4.8,66.1
956,1296,324,40.1,0.0,0.0,4.9,54.9
957,848,212,37.7,55.2,0.0,7.1,0.0
958,2192,548,41.6,55.5,0.0,2.9,0.0
959,1760,440,39.5,0.0,0.0,3.6,56.8
960,1552,388,42.3,53.6,0.0,4.1,0.0
961,1280,320,34.4,60.3,0.0,5.3,0.0
962,2512,628,43.6,0.0,0.0,2.5,53.8
963,1056,264,43.9,50.0,0.0,6.1,0.0
964,2224,556,39.6,57.6,0.0,2.9,0.0
965,2768,692,46.2,15.8,0.0,2.3,35.7
966,2368,592,40.5,0.0,0.0,2.7,56.8
967,832,208,40.4,0.0,0.0,7.7,51.9
968,832,208,42.3,0.0,0.0,7.7,50.0
969,1008,252,46.0,47.6,0.0,6.3,0.0
970,1056,264,33.3,0.0,0.0,6.1,60.6
971,848,212,36.8,55.7,0.0,7.5,0.0
972,1136,284,42.3,52.1,0.0,5.6,0.0
973,2432,608,44.4,0.0,0.0,2.8,52.8
974,1408,352,25.0,0.0,0.0,4.5,70.5
975,752,188,27.7,0.0,0.0,8.5,63.8
976,6640,1660,51.6,24.0,0.0,1.0,23.5
977,1792,448,42.9,53.3,0.0,3.8,0.0
978,2480,620,45.2,52.1,0.0,2.7,0.0
979,2368,592,47.0,50.2,0.0,2.9,0.0
980,1872,468,44.9,51.5,0.0,3.6,0.0
981,2192,548,38.0,58.9,0.0,3.1,0.0
982,3456,864,46.5,51.5,0.0,2.0,0.0
983,1680,420,42.9,53.1,0.0,4.0,0.0
984,2656,664,41.9,54.1,0.0,2.6,1.5
985,2336,584,46.2,0.0,0.0,2.9,50.9
986,1664,416,49.0,46.9,0.0,4.1,0.0
987,2288,572,45.1,0.0,0.0,3.0,51.9
988,3136,784,45.2,52.7,0.0,2.2,0.0
989,2192,548,46.7,35.2,0.0,3.1,15.0
990,2336,584,43.8,33.4,0.0,2.9,19.9
991,2784,696,41.4,0.0,0.0,2.4,56.2
992,3536,884,45.2,52.8,0.0,1.9,0.0
993,1136,284,39.4,25.4,0.0,6.0,29.2
994,1424,356,41.6,0.0,0.0,4.8,53.7
995,752,188,53.2,0.0,0.0,8.5,38.3
996,1248,312,43.6,0.0,0.0,5.1,51.3
997,2048,512,46.9,0.0,0.0,2.9,50.2
998,2144,536,46.3,50.9,0.0,2.8,0.0
999,1840,460,44.8,51.5,0.0,3.7,0.0
1000,1824,456,40.8,55.5,0.0,3.7,0.0
1001,2576,644,40.4,56.8,0.0,2.8,0.0
1002,2880,720,43.3,54.2,0.0,2.5,0.0
1003,2624,656,44.5,52.7,0.0,2.7,0.0
1004,2352,588,39.1,57.8,0.0,3.1,0.0
1005,2512,628,42.4,54.8,0.0,2.9,0.0
1006,2448,612,45.4,51.6,0.0,2.9,0.0
1007,3456,864,46.8,51.5,0.0,1.7,0.0
1008,3280,820,47.1,42.7,0.0,2.0,8.3
1009,2512,628,43.9,53.5,0.0,2.5,0.0
1010,1472,368,41.8,53.8,0.0,4.3,0.0
1011,736,184,37.0,54.3,0.0,8.7,0.0
1012,1136,284,47.2,47.2,0.0,5.6,0.0
1013,2624,656,37.2,59.8,0.0,3.0,0.0
1014,2832,708,40.7,56.5,0.0,2.8,0.0
1015,4288,1072,39.6,52.1,0.0,1.9,6.4
1016,992,248,18.5,0.0,0.0,8.1,73.4
1017,4416,1104,39.5,46.9,0.0,2.4,11.2
1018,4416,1104,40.2,45.6,0.0,2.3,12.0
1019,832,208,35.6,56.2,0.0,8.2,0.0
1020,2496,624,46.8,50.5,0.2,2.6,0.0
1021,912,228,36.8,56.1,0.0,7.0,0.0
1022,848,212,36.8,55.7,0.0,7.5,0.0
1023,1296,324,50.0,0.0,0.0,4.9,45.1
1024,1072,268,39.6,0.0,0.0,6.0,54.5
1025,848,212,32.1,60.4,0.0,7.5,0.0
1026,1184,296,41.2,0.0,0.0,5.4,53.4
1027,960,240,39.2,0.0,0.4,6.7,53.8
1028,2480,620,39.4,58.1,0.0,2.6,0.0
1029,816,204,43.1,48.5,0.0,8.3,0.0
1030,1120,280,29.3,0.0,0.0,6.1,64.6
1031,1136,284,43.0,21.8,0.0,6.0,29.2
1032,784,196,39.8,51.5,0.0,8.7,0.0
1033,1056,264,31.1,62.5,0.0,6.4,0.0
1034,1872,468,42.3,53.2,0.0,3.6,0.9
1035,832,208,37.5,0.0,0.0,8.2,54.3
1036,1360,340,35.9,59.1,0.0,5.0,0.0
1037,816,204,40.2,51.5,0.0,8.3,0.0
1038,2704,676,46.2,51.3,0.0,2.5,0.0
1039,1024,256,48.4,0.0,0.0,6.6,44.9
1040,1872,468,38.9,57.5,0.0,3.6,0.0
1041,784,196,41.8,49.5,0.0,8.7,0.0
1042,2992,748,40.4,57.4,0.0,2.3,0.0
1043,912,228,44.7,0.0,0.0,7.5,47.8
1044,2608,652,40.8,56.6,0.0,2.6,0.0
1045,1168,292,40.4,54.1,0.0,5.5,0.0
1046,1664,416,41.3,54.8,0.0,3.8,0.0
1047,1920,480,47.1,49.6,0.0,3.3,0.0
1048,1680,420,46.2,50.0,0.0,3.8,0.0
1049,2384,596,36.6,60.6,0.0,2.9,0.0
1050,1104,276,35.5,58.7,0.0,5.8,0.0
1051,1840,460,48.3,48.3,0.0,3.5,0.0
1052,1968,492,48.8,0.0,0.0,3.3,48.0
1053,1936,484,45.0,46.7,0.0,3.3,5.0
1054,2688,672,46.7,11.5,0.0,2.5,39.3
1055,2352,588,39.8,57.3,0.0,2.9,0.0
1056,2352,588,45.9,51.4,0.0,2.7,0.0
1057,2688,672,42.3,55.4,0.0,2.4,0.0
1058,3312,828,45.2,19.6,0.0,1.9,33.3
1059,2336,584,41.4,55.7,0.0,2.9,0.0
1060,1648,412,46.6,0.0,0.0,3.9,49.5
1061,1872,468,48.3,0.0,0.0,3.4,48.3
1062,2784,696,43.1,0.0,0.0,2.3,54.6
1063,2016,504,43.7,53.2,0.0,3.2,0.0
1064,2416,604,46.7,50.7,0.0,2.6,0.0
1065,2304,576,42.0,55.0,0.0,3.0,0.0
1066,2096,524,40.1,56.9,0.0,3.1,0.0
1067,1920,480,35.0,61.7,0.0,3.3,0.0
1068,1904,476,39.5,57.1,0.0,3.4,0.0
1069,1984,496,42.7,54.0,0.0,3.2,0.0
1070,2080,520,40.8,56.0,0.0,3.3,0.0
1071,3888,972,51.4,0.0,0.0,1.6,46.9
1072,5232,1308,48.6,0.0,0.0,1.3,50.1
1073,3024,756,45.0,52.6,0.0,2.4,0.0
1074,3184,796,45.7,52.0,0.0,2.3,0.0
1075,3104,776,48.7,49.0,0.0,2.3,0.0
1076,3120,780,48.5,49.2,0.0,2.3,0.0
1077,3152,788,48.0,49.7,0.0,2.3,0.0
1078,3920,980,40.6,55.7,0.0,1.6,2.0
1079,3632,908,44.3,54.0,0.0,1.8,0.0
1080,2272,568,49.3,0.0,0.0,3.0,47.7
1081,2368,592,44.6,0.0,0.0,2.9,52.5
1082,2752,688,41.9,0.0,0.0,2.3,55.8
1083,2320,580,46.6,50.7,0.0,2.8,0.0
1084,1664,416,45.7,0.0,0.0,3.8,50.5
1085,2736,684,43.9,53.7,0.0,2.5,0.0
1086,1376,344,40.7,54.9,0.0,4.4,0.0
1087,1680,420,32.9,0.0,0.0,4.0,63.1
1088,1920,480,39.2,57.3,0.0,3.5,0.0
1089,1360,340,41.2,54.1,0.0,4.7,0.0
1090,5376,1344,33.9,0.0,0.0,1.0,65.1
1091,5920,1480,34.7,0.0,0.0,0.9,64.4
1092,1216,304,37.5,0.0,0.0,5.3,57.2
1093,768,192,31.2,0.0,0.0,8.3,60.4
1094,1440,360,42.2,53.3,0.0,4.4,0.0
1095,1072,268,37.3,56.7,0.0,6.0,0.0
1096,1632,408,41.7,0.0,0.0,3.9,54.4
1097,2144,536,48.5,0.0,0.0,3.2,48.3
1098,2128,532,42.9,0.0,0.0,3.2,53.9
1099,2672,668,39.5,58.1,0.0,2.4,0.0
1100,2992,748,50.0,41.2,0.0,2.1,6.7
1101,384,96,22.9,0.0,0.0,14.6,62.5
1102,2080,520,42.3,0.0,0.0,3.1,54.6
1103,1344,336,38.7,19.6,0.0,5.4,36.3
1104,2288,572,45.1,0.0,0.0,3.1,51.7
1105,2768,692,44.2,32.4,0.0,2.6,20.8
1106,3024,756,42.6,10.1,0.0,2.5,44.8
1107,4384,1096,41.2,17.3,0.0,1.6,39.9
1108,6720,1680,47.1,28.3,0.0,1.1,23.5
1109,1440,360,42.8,0.0,0.0,5.0,52.2
1110,2784,696,40.8,31.0,0.0,2.6,25.6
1111,2752,688,41.3,31.4,0.0,2.6,24.7
1112,2752,688,38.1,34.6,0.0,2.6,24.7
1113,2656,664,39.5,34.0,0.0,2.7,23.8
1114,2608,652,35.0,39.3,0.0,2.8,23.0
1115,1312,328,33.5,41.5,0.0,6.1,18.9
1116,1520,380,35.8,35.0,0.0,5.3,23.9
1117,1872,468,42.3,0.0,0.0,4.3,53.4
1118,1776,444,39.2,0.0,0.0,4.5,56.3
1119,800,200,45.0,0.0,0.0,10.0,45.0
1120,2688,672,43.2,45.2,0.0,3.0,8.6
1121,2016,504,39.7,0.0,0.0,4.0,56.3
1122,2144,536,46.3,50.0,0.0,3.7,0.0
